207,42
255,5
255,4
271,9
271,8
271,7
271,6
271,5
271,4
271,3
271,2
271,1
271,0
270,5
270,4
270,3
270,2
270,1
270,0
269,5
269,4
269,3
269,2
269,1
269,0
268,4
268,3
268,2
268,1
268,0
267,4
267,3
267,2
267,1
267,0
266,10
266,9
266,8
266,7
266,6
266,5
266,4
266,3
266,2
266,1
266,0
265,9
265,8
265,7
265,6
265,5
265,4
265,3
265,2
265,1
265,0
264,5
264,4
264,3
264,2
264,1
264,0
263,5
263,4
263,3
263,2
263,1
263,0
262,4
262,3
262,2
262,1
262,0
261,4
261,3
261,2
261,1
261,0
260,10
260,9
260,8
260,7
260,6
260,5
260,4
260,3
260,2
260,1
260,0
14,12
259,3
259,2
259,1
259,0
206,44
207,147
207,146
207,145
207,144
207,143
207,142
207,141
207,140
207,139
207,138
207,137
207,136
207,135
207,134
207,133
207,132
207,131
207,124
207,130
207,123
207,129
207,128
207,122
207,121
207,120
207,119
207,118
207,117
206,43
207,116
207,115
213,8
207,114
207,113
207,112
207,111
207,110
207,109
0,570
0,566
205,64
0,564
0,563
0,559
0,558
0,557
0,555
0,554
0,553
0,551
0,547
0,542
0,539
0,525
0,524
0,518
0,318
0,315
0,313
0,308
0,306
0,304
0,302
0,508
0,473
0,469
0,468
256,49
256,48
256,47
256,46
256,45
256,44
256,43
256,42
256,41
256,40
256,39
256,38
256,37
256,36
0,467
0,466
0,465
0,462
0,461
0,460
0,455
0,454
0,450
0,449
0,448
0,446
0,445
0,444
0,443
205,97
205,96
0,442
0,438
0,403
256,35
258,4
258,3
258,2
258,1
258,0
257,3
257,2
257,1
257,0
242,3
242,2
242,1
242,0
241,3
241,2
241,1
241,0
240,5
240,4
240,3
240,2
240,1
240,0
239,7
239,6
239,5
239,4
239,3
239,2
239,1
239,0
238,3
238,2
238,1
238,0
237,5
237,4
237,3
237,2
237,1
237,0
236,3
236,2
236,1
236,0
235,4
235,3
235,2
235,1
235,0
234,4
234,3
234,2
234,1
234,0
233,5
233,4
233,3
233,2
233,1
233,0
232,4
232,3
232,2
232,1
232,0
231,5
231,4
231,3
231,2
231,1
231,0
230,4
230,3
230,2
230,1
230,0
229,7
